010010010000000000000000000000000000000000000000
000010010000011000100000100000000000000000000000
000011101100000000010000110110000000000000100000
000011000100000000010000110110000000000000100000
011010100000000000000000000000000000000000000000
000010010000011000100000100000100000000000000000
000011001100000000010000110110000010000000100000
000010111100000000010000110110000010000000100000
000100100100000000100000000001100000000000000001
000010010000011000100000100001000000000000000000
000110001000000000000000000000000000000000100000
000110001000000000000000000000000000000000100000
000010010000000100000100110000000000000000000000
000010010000011000001000100000000000000000000000
000010010000010000010000001010000010000000000000
000011100100000000010000000000000000000000000000
001010000000000000000000000000011100000000000000
001010001000000000000000000000011000000000000000
000100001100000110000000000000000000000000100000
000100001100000110000000000000000000000000100000
000010010000010110000101110000000000000000000000
000010010000010110000101001100000010000000000000
000010010000000100000100001000000010000000000000
000010000010000000100000000001100100000000000000
000010001010000000100000000001100000000000000000
001011001010000000000000000000010100000000000000
000010010000010000000000000000000000010010010011
000010010000011001000000000000000100000000000000
001011100010010010000001000000010100000000000000
001011101010000000000000000000010000000000000000
000010010000000101000010000000000100000000000000
000010010000011001000000000000000000000000000000
100000000000100000000000000000000000000000000000
001100001010000000000000000000010100000000000000
000010010000010000000000000000000000001000000111
000100000001000001000000000000000100000000000000
001100100010000000000000000000010100000000000000
000101001100010000000000000000000000001000001011
000100111000000101000010000000000100000000000000
000101000100010000000000000000000000001000000011
001101000010000000000000000000010100000000000000
001101001000000000000000000000011100000000000000
000100010000001001000000000000000100000100000000
000101100000000100000110000000000000000000000000
000101110010000010000000000000000100000000000000
000100101000010000000000000000000000010001000011
000110100100010000000000000000000000001000001011
000000000000000000000000000000000000000000000000
000000000000000000000000000000000000000000000000
000100101010000000000000000000000101000000000100
000000000000000000000000000000000000000000000000
000000000000000000000000000000000000000000000000
001110100000000000000000000000011100000000000000
001110101010000000000000000000010100000000000000
000110101100000000000000000000000000100000000000
000010010000000101000010000000000100000000000000
000000000000000000000000000000000000000000000000
000000000000000000000000000000000000000000000000
000000000000000000000000000000000000000000000000
000000000000000000000000000000000000000000000000
000000000000000000000000000000000000000000000000
000000000000000000000000000000000000000000000000
000000000000000000000000000000000000000000000000
000000000000000000000000000000000000000000000000
