00001011000010010000000
00001011000010010000000
00001011000010010000000
00001011000010010000000
01000000000100000001111
00000000100100000001111
01000000000100000001111
00000000100100000001111
00010101000000001000111
00010101000000001000111
00010101000000001000111
00010101000000001000111
01010101011100001100000
01010101011100001100000
01010101011100001100000
01010101011100001100000
00110001000001010001010
00110001000001010001010
00101111000001010001010
00101111000001010001010
01000000001100000001111
00000000101100000001111
01000000001100000001111
00000000101100000001111
00010111000000001010111
00010111000000001010111
00010111000000001010111
00010111000000001010111
01010111011100001110000
01010111011100001110000
01010111011100001110000
01010111011100001110000
00000000000000000000000
00000000000000000000000
00000000000000000000000
00000000000000000000000
01000000010100000001111
00000000110100000001111
01000000010100000001111
00000000110100000001111
00000000000000000000000
00000000000000000000000
00000000000000000000000
00000000000000000000000
00000000000000000000000
00000000000000000000000
00000000000000000000000
00000000000000000000000
00010001000001010000000
00010001000001010000000
00010001000001010000000
00010001000001010000000
00000000000000000001111
00000000000000000001111
00000000000000000001111
00000000000000000001111
00001011000000000000010
00001011000000000000010
00001011000000000000010
00001011000000000000010
00100000000000111011010
00100000000000111011010
00100000000000111011010
00100000000000111011010
